% Dane uczace : 
%         A a B b C c D d E e F f H h I i L l K k
Input = [ 0 0 1 1 0 0 1 0 1 0 1 0 1 1 1 1 1 1 1 1;
          1 1 1 0 1 0 1 0 1 1 1 1 0 0 0 0 0 0 0 0;
          1 1 1 0 1 0 1 0 1 1 1 1 0 0 0 0 0 0 0 0;
          1 0 0 0 1 0 0 1 1 0 1 0 0 0 0 0 0 0 1 0;
          0 0 0 0 0 0 0 0 0 0 0 0 1 0 0 0 0 0 0 0;
          1 0 1 1 1 0 1 0 1 1 1 1 1 1 1 0 1 1 1 1;
          0 0 0 0 0 0 0 0 0 0 0 0 0 0 0 0 0 0 0 0;
          0 0 0 0 0 0 0 0 0 0 0 0 0 0 0 0 0 0 1 0;
          0 1 1 0 0 0 1 1 0 1 0 0 0 0 0 0 0 0 0 0;
          1 0 0 0 0 0 0 0 0 0 0 0 1 0 0 0 0 0 0 0;
          1 0 1 1 1 0 1 0 1 1 1 1 1 1 1 1 1 1 1 1;
          1 1 1 1 0 1 0 1 1 1 1 1 1 1 0 0 0 0 1 0;
          1 1 1 1 0 1 0 1 1 1 1 1 1 1 0 0 0 0 0 1;
          1 1 0 0 0 0 1 1 0 0 0 0 1 0 0 0 0 0 0 0;
          1 0 0 0 0 0 0 0 0 0 0 0 1 0 0 0 0 0 0 0;
          1 1 1 1 1 1 1 1 1 1 1 1 1 1 1 1 1 1 1 1;
          0 0 0 0 0 0 0 0 0 0 0 0 0 0 0 0 0 0 0 1;
          0 0 0 0 0 0 0 0 0 0 0 0 0 1 0 0 0 0 1 0;
          0 1 1 1 0 0 1 1 0 0 0 0 0 0 0 0 0 0 0 0;
          1 0 0 0 0 0 0 0 0 0 0 0 1 0 0 0 0 0 0 0;
          1 0 1 1 0 0 1 0 1 0 1 1 1 1 1 1 1 1 1 1;
          0 1 1 1 1 1 1 1 1 1 0 0 0 0 0 0 1 1 0 0;
          0 1 1 1 1 1 1 1 1 1 0 0 0 1 0 0 1 1 0 1;
          0 1 0 0 1 0 0 1 1 0 0 0 0 0 0 0 1 0 1 0;
          1 1 0 0 0 0 0 0 0 0 0 0 1 0 0 0 0 0 0 0; ];
		  
% Dane testowe : 
A = [ 0; 1; 1; 1; 0; 1; 0; 0; 0; 1; 1; 1; 1; 1; 1; 1; 0; 0; 0; 1; 1; 0; 0; 0; 1 ];
a = [ 0; 1; 1; 0; 0; 0; 0; 0; 1; 0; 0; 1; 1; 1; 0; 1; 0; 0; 1; 0; 0; 1; 1; 1; 1 ];
B = [ 1; 1; 1; 0; 0; 1; 0; 0; 1; 0; 1; 1; 1; 0; 0; 1; 0; 0; 1; 0; 1; 1; 1; 0; 0 ];
b = [ 1; 0; 0; 0; 0; 1; 0; 0; 0; 0; 1; 1; 1; 0; 0; 1; 0; 0; 1; 0; 1; 1; 1; 0; 0 ];
C = [ 0; 1; 1; 1; 0; 1; 0; 0; 0; 0; 1; 0; 0; 0; 0; 1; 0; 0; 0; 0; 0; 1; 1; 1; 0 ];
c = [ 0; 0; 0; 0; 0; 0; 0; 0; 0; 0; 0; 1; 1; 0; 0; 1; 0; 0; 0; 0; 0; 1; 1; 0; 0 ];
D = [ 1; 1; 1; 0; 0; 1; 0; 0; 1; 0; 1; 0; 0; 1; 0; 1; 0; 0; 1; 0; 1; 1; 1; 0; 0 ];
d = [ 0; 0; 0; 1; 0; 0; 0; 0; 1; 0; 0; 1; 1; 1; 0; 1; 0; 0; 1; 0; 0; 1; 1; 1; 0 ];
E = [ 1; 1; 1; 1; 0; 1; 0; 0; 0; 0; 1; 1; 1; 0; 0; 1; 0; 0; 0; 0; 1; 1; 1; 1; 0 ];
e = [ 0; 1; 1; 0; 0; 1; 0; 0; 1; 0; 1; 1; 1; 0; 0; 1; 0; 0; 0; 0; 0; 1; 1; 0; 0 ];
F = [ 1; 1; 1; 1; 0; 1; 0; 0; 0; 0; 1; 1; 1; 0; 0; 1; 0; 0; 0; 0; 1; 0; 0; 0; 0 ];
f = [ 0; 1; 1; 0; 0; 1; 0; 0; 0; 0; 1; 1; 1; 0; 0; 1; 0; 0; 0; 0; 1; 0; 0; 0; 0 ];
H = [ 1; 0; 0; 0; 1; 1; 0; 0; 0; 1; 1; 1; 1; 1; 1; 1; 0; 0; 0; 1; 1; 0; 0; 0; 1 ];
h = [ 1; 0; 0; 0; 0; 1; 0; 0; 0; 0; 1; 1; 1; 0; 0; 1; 0; 1; 0; 0; 1; 0; 1; 0; 0 ];
I = [ 1; 0; 0; 0; 0; 1; 0; 0; 0; 0; 1; 0; 0; 0; 0; 1; 0; 0; 0; 0; 1; 0; 0; 0; 0 ];
i = [ 1; 0; 0; 0; 0; 0; 0; 0; 0; 0; 1; 0; 0; 0; 0; 1; 0; 0; 0; 0; 1; 0; 0; 0; 0 ];
L = [ 1; 0; 0; 0; 0; 1; 0; 0; 0; 0; 1; 0; 0; 0; 0; 1; 0; 0; 0; 0; 1; 1; 1; 1; 0 ];
l = [ 1; 0; 0; 0; 0; 1; 0; 0; 0; 0; 1; 0; 0; 0; 0; 1; 0; 0; 0; 0; 1; 1; 1; 0; 0 ];
K = [ 1; 0; 0; 1; 0; 1; 0; 1; 0; 0; 1; 1; 0; 0; 0; 1; 0; 1; 0; 0; 1; 0; 0; 1; 0 ];
k = [ 1; 0; 0; 0; 0; 1; 0; 0; 0; 0; 1; 0; 1; 0; 0; 1; 1; 0; 0; 0; 1; 0; 1; 0; 0 ];		  